Transformation=2DAffine+UTMZone+Aux
Punkt0.x=0.000000000000
Punkt0.y=0.000000000000
Punkt0_t.x=510000.000001000008
Punkt0_t.y=5281000.000000999309
Alpha=0.000000000000
Skalierung.x=0.200000000000
Skalierung.y=0.200000000000
Scherung=0.000000000000
UTMZone=32T
Groesse.x=1000.000000000000
Groesse.y=558.200000000000
png=1
