Transformation=2DAffine+UTMZone+Aux
Punkt0.x=0.000000000000
Punkt0.y=0.000000000000
Punkt0_t.x=509000.200001000019
Punkt0_t.y=5281472.400000999682
Alpha=0.000000000000
Skalierung.x=0.200000000000
Skalierung.y=0.200000000000
Scherung=0.000000000000
UTMZone=32T
Groesse.x=999.800000000000
Groesse.y=526.800000000000
png=1
