Transformation=2DAffine+UTMZone+Aux
Punkt0.x=0.000000000000
Punkt0.y=0.000000000000
Punkt0_t.x=513177.400001000031
Punkt0_t.y=5279096.800000999123
Alpha=0.000000000000
Skalierung.x=0.200000000000
Skalierung.y=0.200000000000
Scherung=0.000000000000
UTMZone=32T
Groesse.x=572.000000000000
Groesse.y=902.400000000000
png=1
