Transformation=2DAffine+UTMZone+Aux
Punkt0.x=0.000000000000
Punkt0.y=0.000000000000
Punkt0_t.x=511599.200001000019
Punkt0_t.y=5279555.600000998937
Alpha=0.000000000000
Skalierung.x=0.200000000000
Skalierung.y=0.200000000000
Scherung=0.000000000000
UTMZone=32T
Groesse.x=400.800000000000
Groesse.y=443.800000000000
png=1
